002609
001586
001587
001897
000820
002283
002396
000424
001926
000336
000037
001337
001246
001095
000599
001041
001556
002489
002791
002071
000545
001442
000320
001484
000991
001813
000683
002455
001964
001960
002589
001572
001571
000213
001898
000619
002059
001698
002723
001028
001614
002545
000122
001511
001927
000170
000566
000573
000589
001973
001876
000392
001752
001953
002153
001385
001110
001294
000612
002672
001299
002045
001836
001655
002017
002134
000825
000650
000305
001224
001993
000788
002114
002268
001447
000651
000041
001445
000544
002828
000753
000813
000013
002039
001430
000645
002425
000393
000021
001627
000251
000946
001702
000286
001086
002284
002005
000382
001921
002044
000824
002202
000917
002233
000744
000407
001710
002178
000876
000932
001820
002150
000081
002388
000242
001635
000315
000017
000427
001670
002240
001168
001896
001075
001386
000354
001003
002304
002281
002451
001751
002187
000476
002108
000873
000481
000527
002224
000351
001780
000668
001434
000071
002225
002770
001925
001251
000457
002597
001857
001094
001878
000503
000574
001727
001499
001920
001518
000271
000030
001184
001598
000010
002218
001358
000901
002615
002362
001286
000907
001072
000970
001461
002236
001513
001407
000333
000489
001459
002568
001374
002837
000212
002162
002389
000164
001254
000519
002477
000256
000496
002390
000780
001845
000531
000777
000421
000757
000798
000877
001301
000273
000664
001342
001736
000012
002498
002054
001854
002724
001560
000707
000477
000586
000111
001148
000239
002209
000225
000124
001624
000520
002447
000607
001562
001860
001694
000850
000275
000219
000819
001687
002393
000016
002696
000186
001865
002710
000925
001175
000644
002569
002481
000677
001008
002661
002197
000151
001245
002331
002470
000303
001999
002590
002556
001520
000157
000509
000841
000095
000472
001621
002506
001007
002761
002480
001157
001533
002391
002440
002600
001811
002366
002453
002053
001085
001540
001703
000963
000145
001683
001662
000646
002514
002282
002130
002067
001909
001790
000438
000553
002621
001862
001890
001551
002137
001126
000088
002219
001510
001868
002023
000954
000120
000940
002345
002055
000830
001329
001822
000793
000356
002695
000296
001242
002101
001646
000384
001100
000629
001215
001290
001213
002407
002669
001555
000160
000040
002482
000247
001454
000358
001602
000552
001782
000800
001162
000455
000096
002656
000265
002098
000929
001634
002326
000885
000804
002324
001188
001808
001200
001104
000752
001666
002158
000001
002198
000598
000555
000974
000930
000020
001507
000125
000980
001487
002548
001055
000328
000666
002051
000836
002788
000846
001856
002528
002156
001693
000049
000653
000678
001548
001167
001451
001678
000353
000398
000514
002228
002336
001391
002273
002432
000062
000882
001595
002319
002840
000955
001063
002287
002424
000609
002351
001097
000571
001793
001080
001940
001667
002681
002566
000181
002662
002311
002306
000641
000014
002422
002275
002765
000561
002295
001264
001176
001521
000389
000057
000450
002744
002768
002077
002274
000606
002333
000803
000928
000380
002606
001930
000563
002779
002647
000832
000905
001069
002144
001804
000922
000710
000499
002361
000638
002636
000074
001320
001676
002630
001500
002301
000671
001195
001943
001058
001591
001873
000033
001280
001913
002445
001332
001453
001229
002357
002258
000430
002801
002439
002175
000595
001889
002421
002614
000009
001651
002529
001322
001653
000697
002802
002596
001638
000735
001546
001364
000236
000682
000113
000272
002524
001934
000510
000202
000093
001032
002442
000211
001387
001233
000579
001051
000416
001810
001323
000109
001950
001043
000978
000103
001042
000334
001472
000570
000703
000446
002813
001748
000191
000344
001753
000485
000730
000304
001418
002690
000262
001191
001483
002164
001867
002411
001151
001531
002599
002121
001481
001962
002551
000652
000028
001767
000134
001593
001368
002824
000794
002640
001298
000998
000385
002843
002722
002170
002601
001829
000512
001948
001345
000173
001066
001585
002720
002726
002576
002687
002231
001101
000951
000373
001641
000805
000900
002294
001426
001473
000790
000996
001861
001281
002766
001657
002688
002691
000252
000132
002707
001212
001917
002815
001686
002058
001905
001991
002803
002200
001244
002062
002069
000919
000360
000235
001688
000608
000116
002638
002584
001207
001781
001696
000137
001199
000207
001354
002619
002605
002736
002536
001463
001802
001449
001711
002181
001382
002349
002426
000105
001145
002547
001312
000870
001061
001216
001140
000956
000292
001723
001011
002141
000367
001919
002250
000329
000742
002485
001295
000727
000399
000706
000300
000058
001019
001277
002503
000428
001685
001726
002320
002387
002633
001366
001134
002151
001423
000871
001420
001604
000855
002625
001985
001020
002448
002574
000997
001235
001268
002577
001796
001456
001282
001697
001288
002229
001228
000357
000365
002365
000774
001398
001203
000823
002586
001031
001120
001336
000208
000143
001718
001713
000317
000967
002458
000133
002371
002111
000756
002522
000484
000810
002009
002517
000541
000114
001062
001848
000799
000004
000875
002692
001021
002512
002553
002478
000987
002063
002332
002616
000270
000716
001422
002103
001363
002834
001956
002126
000985
001111
001946
001775
002266
002541
000377
002246
001439
001603
002441
000921
000977
002109
000981
002437
000676
001783
001222
001196
000636
002772
001659
001754
000547
000883
000739
000771
001709
000425
001038
002515
002818
001699
001596
001361
002833
000559
001432
001578
001467
002829
001786
000246
001665
001519
001170
000659
000936
000567
000910
002093
001992
002763
002659
001542
001803
001613
001373
000025
001317
000168
000684
001214
002677
000234
000868
002323
001171
000765
001537
001024
000506
002193
001340
000989
001851
000630
000534
001429
000015
000229
000209
001289
000426
000023
001210
001879
002777
001400
000501
001283
001745
000715
001496
001047
000523
000003
001772
002033
001067
000100
000964
000577
001929
000748
000281
000933
000817
000112
002725
000346
000658
001193
000279
002620
001448
001724
000622
000502
001348
001949
001190
000098
002539
001714
001853
001351
002352
000508
001326
001389
000994
001124
000848
000899
000842
000712
001846
001378
002358
002469
000990
002028
001869
001932
000092
002657
002369
001010
001505
001599
001766
002264
002809
002746
002431
001859
000297
002133
000845
002112
002096
001296
001674
001427
002799
002036
000596
002094
001605
000402
002179
001147
001305
001871
002084
002312
000778
001705
000136
000319
000383
001438
000632
000475
001844
000672
002706
002534
000340
000323
001787
000222
002702
000835
002434
000278
002298
001827
000560
000374
000220
002786
002699
000254
001987
002285
001643
000045
001025
000969
000060
000621
002372
000390
001695
000051
000818
000740
000860
000895
002065
000745
002454
000155
000688
000080
000865
002397
002709
001253
000006
000325
001975
002427
000549
002235
000410
001506
000301
002125
001976
002544
002177
000255
000532
000713
002449
001471
000339
001952
001267
002804
000194
000277
002603
002484
001582
001888
001980
000590
001870
002595
002239
000866
001768
000362
001660
002641
001840
002076
002337
001164
002223
000867
000107
000674
001421
000764
000640
002487
000853
001057
000857
002041
001759
000988
001173
000187
001799
000507
000941
001105
001502
000923
002684
000110
000264
000898
002717
002735
000993
002230
000163
002781
000685
000811
000965
000948
001735
000626
000597
001068
002291
001707
000749
000205
001383
002404
002035
002560
001419
001218
000068
000886
001886
001460
001841
002060
000175
002784
001597
000070
000027
001276
001116
000976
002812
002816
001554
001545
000894
000289
001074
001691
000140
001620
000032
001333
000463
001600
002278
002199
002847
000405
002836
001795
001850
001645
000473
001384
000924
001491
000258
001623
001576
000443
002056
000363
001225
002563
000884
001052
002302
002750
001183
001720
001279
000601
002499
002380
000174
002825
000840
001784
002670
001037
002161
001590
001996
000611
002716
001158
000287
002277
001059
002540
001944
000673
002488
001715
002667
001615
001239
000291
001690
000513
000675
000266
000263
000864
002832
002575
002650
001884
000849
000298
000554
001882
002675
002007
002122
000952
002379
001081
000694
002083
001738
000858
000404
000097
002335
002381
001153
002000
001656
000614
000623
001663
002022
001395
001842
002617
000743
000809
002519
001807
000911
002360
002686
001716
000720
002018
001594
001629
001341
001441
002367
002845
001725
002429
002537
002110
000874
000394
002753
000126
000600
000615
001912
000648
001142
002206
002676
002527
002061
001501
000456
000754
000831
001466
001194
001077
000862
000024
001180
002377
000011
001489
001654
001788
001494
000808
002665
001189
002115
002249
001734
000927
002106
002288
000896
001855
002679
001550
000141
000701
002346
001664
002167
002715
001408
002628
001498
000971
000660
000188
001814
001966
000763
001704
001579
000429
001577
000295
000019
002354
000054
000594
000288
001933
002572
001255
000283
001278
001092
000908
001749
000890
002718
000375
000837
002465
002428
000647
002027
000782
001935
001476
002510
002554
001757
001129
002704
002730
000022
002474
001221
000352
000572
001179
002095
002611
000913
002701
001477
002618
000453
001315
000814
001226
001388
001053
001250
002029
001800
000216
001071
001027
000827
002373
001995
000726
000135
001300
002504
000406
001265
000308
000904
001309
002082
001000
000822
002674
001530
001721
001570
000944
000285
002848
001343
000366
002571
000094
001174
002259
000119
001409
001339
002131
001835
002011
002001
002516
001380
000546
001524
002570
000408
000052
002382
000958
000775
002446
002459
000769
002341
000528
000002
001076
002201
001508
001108
001223
002737
002383
001018
002496
000562
000276
000053
002830
001722
001682
001070
001791
000318
001778
002037
001044
001009
000950
000118
002338
001163
002086
000130
001248
000233
001266
002127
001324
001805
001812
001563
000063
001039
000459
002329
000284
000492
000267
002232
002671
001270
000005
000343
002658
002160
001881
001132
001362
000007
000583
000892
001954
000889
002415
001963
000077
000717
001236
002047
000099
002794
000939
000411
000423
000075
001642
002148
001922
000269
001156
001552
002244
000617
001891
002774
001741
002559
001143
000210
002762
002139
001758
000844
002253
000973
000851
002195
002370
002652
000934
001480
002751
002643
001261
000327
001492
002578
002310
001292
001731
000983
002276
002476
000500
000761
001249
001274
000067
001969
001308
001444
002191
001894
002211
000223
001549
001961
000693
001125
000982
000101
001583
001746
000812
002099
001907
000649
002408
000131
000741
000511
000079
000422
000662
002538
000361
001330
000458
001567
002494
001947
002300
000418
000108
000522
001304
000702
000115
002520
001534
001661
002180
002764
001747
000368
000784
002468
001302
002827
002313
002050
000349
002155
001893
002303
000230
001204
000167
002531
002392
001684
001951
001816
000047
001005
000569
002565
001437
002186
002238
000171
002368
001837
001911
002270
000462
002462
000138
000704
001357
002711
000073
001997
001238
002032
000526
001425
002460
000537
000179
001187
002733
002592
002203
001708
000667
002188
001761
002646
002579
002031
002612
002355
000248
002838
000760
000182
002271
002648
000986
001824
000750
000610
000604
001608
002525
002359
000897
002820
000878
000494
001785
000434
001217
001978
001241
000403
001581
002057
000968
001538
000488
001327
000654
002117
002785
001271
000584
001852
002149
002073
001770
000190
002394
000440
001146
001130
002210
001122
000420
002583
000376
002850
001091
002642
000758
002591
002241
001539
002260
002145
001669
001831
000725
000705
002034
001611
000670
001601
001743
000947
000957
000687
002243
002339
000144
000127
001109
000770
002819
001733
002289
002192
001918
001138
002194
002587
000816
002309
000342
001023
000535
000415
001906
000722
002756
002140
002436
000903
001942
002771
002030
002471
000176
002842
001818
001588
000734
002727
000069
000863
000439
002242
000412
001297
002721
001640
000478
002234
002002
002417
001872
001433
001648
002189
000847
002269
000129
002835
001631
001903
001314
002116
002185
000669
000036
000447
002182
001668
000960
000582
002793
002637
001681
002307
002557
002773
001485
001257
001899
001821
000961
002118
000551
001414
001819
001002
000881
001232
002420
000714
000834
002123
001350
000828
002297
000926
000854
001046
002169
002505
002844
001079
000914
001875
001263
001823
000121
002593
001609
002092
001201
001045
000139
000178
002292
000087
001558
000838
002015
001013
002256
001227
002184
001198
000859
000204
000237
000280
000655
002839
000737
002026
001404
001779
001073
002502
001982
002624
001672
002655
001479
001412
000147
000123
000578
000482
002405
001269
000486
001303
000912
001765
002728
002097
000370
002004
002172
000538
000679
002749
001335
002564
000413
001406
000721
000801
001689
002567
001955
000198
000350
001083
000257
000902
001516
002214
000326
002318
002152
000962
001259
000311
000172
000747
002610
001497
000082
001089
001033
000243
001029
002668
000227
001240
000150
002378
002322
000568
001742
001465
000783
002626
000065
000746
002398
002521
000084
001616
000442
000984
001141
002010
000490
001575
001123
000196
000483
002146
000498
002102
002314
001206
000833
000059
001769
001401
002849
002663
002627
002190
002279
002461
001874
000192
002841
002328
000261
002758
002731
001771
001014
000238
000518
002048
002075
001166
002386
000066
000479
001797
001349
002651
002330
002308
001139
001990
002430
000159
000206
000078
000581
002831
001541
000184
002573
002708
001619
002450
001036
000038
002171
001972
002526
002629
002173
000779
002384
001377
001353
001544
000585
002049
002635
000699
000044
002780
001372
002136
000887
002492
002463
002261
002632
001118
000441
000335
000474
002562
001211
001636
000692
001415
001411
001543
000260
002138
000031
002078
000241
000966
001573
001527
002821
002208
000395
002400
001103
002012
000575
000183
000250
002456
002759
002805
000180
002344
001806
002631
000330
002204
002046
002255
001181
000347
002798
002741
000029
001082
000806
002747
